#rx	ry	rz	eps1	eps2	x	y	z	q0	q1	q2	q3
3.968503e-01	3.968503e-01	7.937005e-01	1.000000e+00	1.000000e+00	2.300381e+00	1.649817e+00	2.482501e+00	4.249917e-01	-8.169446e-01	-2.827883e-01	-2.683550e-01
3.968503e-01	3.968503e-01	7.937005e-01	1.000000e+00	1.000000e+00	5.053810e+00	1.240736e+00	2.432175e+00	-2.660209e-01	9.508576e-01	-5.794187e-02	1.474633e-01
3.968503e-01	3.968503e-01	7.937005e-01	1.000000e+00	1.000000e+00	1.209237e+00	4.626116e+00	1.044388e+00	-5.602697e-01	5.037438e-01	4.617457e-01	4.681143e-01
3.968503e-01	3.968503e-01	7.937005e-01	1.000000e+00	1.000000e+00	1.250616e+00	3.815214e+00	3.327149e+00	1.598079e-01	9.865000e-01	2.866104e-02	2.139312e-02
3.968503e-01	3.968503e-01	7.937005e-01	1.000000e+00	1.000000e+00	5.050451e+00	2.173113e+00	2.733199e+00	-9.669581e-01	1.832517e-01	1.475741e-01	-9.814645e-02
3.968503e-01	3.968503e-01	7.937005e-01	1.000000e+00	1.000000e+00	1.212942e+00	3.275585e+00	1.156001e+00	8.684837e-02	-1.212156e-02	5.168228e-01	8.515895e-01
3.968503e-01	3.968503e-01	7.937005e-01	1.000000e+00	1.000000e+00	3.955908e+00	3.687074e+00	4.303314e+00	1.162051e-01	3.214515e-01	7.962236e-02	-9.363897e-01
3.968503e-01	3.968503e-01	7.937005e-01	1.000000e+00	1.000000e+00	4.483893e+00	3.708367e+00	2.315391e+00	7.356406e-01	2.066941e-01	-6.276059e-01	1.490681e-01
3.968503e-01	3.968503e-01	7.937005e-01	1.000000e+00	1.000000e+00	4.281231e+00	1.130949e+00	1.133808e+00	-5.293971e-01	-3.259375e-01	-7.741226e-01	-1.193212e-01
3.968503e-01	3.968503e-01	7.937005e-01	1.000000e+00	1.000000e+00	5.055658e+00	4.653298e+00	1.044015e+00	4.425385e-01	6.085036e-01	-3.860907e-01	5.336825e-01
3.968503e-01	3.968503e-01	7.937005e-01	1.000000e+00	1.000000e+00	1.256520e+00	1.932679e+00	2.483532e+00	-9.673726e-01	-1.422140e-01	-1.215772e-01	-1.708345e-01
3.968503e-01	3.968503e-01	7.937005e-01	1.000000e+00	1.000000e+00	2.553899e+00	2.725636e+00	4.086820e+00	-4.846502e-02	1.994623e-01	9.276612e-01	-3.119464e-01
3.968503e-01	3.968503e-01	7.937005e-01	1.000000e+00	1.000000e+00	5.087197e+00	1.346824e+00	3.648005e+00	-5.929077e-02	1.097297e-01	-9.106367e-01	3.939351e-01
3.968503e-01	3.968503e-01	7.937005e-01	1.000000e+00	1.000000e+00	2.623955e+00	2.215670e+00	1.537704e+00	2.403875e-01	1.479832e-01	7.228287e-01	6.307404e-01
3.968503e-01	3.968503e-01	7.937005e-01	1.000000e+00	1.000000e+00	4.706731e+00	1.123303e+00	4.507083e+00	6.803688e-01	-3.794733e-01	-4.170612e-01	4.681434e-01
3.968503e-01	3.968503e-01	7.937005e-01	1.000000e+00	1.000000e+00	4.997315e+00	4.940508e+00	2.083111e+00	-2.669979e-01	-9.063672e-01	-2.774939e-01	-1.738037e-01
3.968503e-01	3.968503e-01	7.937005e-01	1.000000e+00	1.000000e+00	2.073519e+00	4.688038e+00	2.186958e+00	3.511828e-01	8.336553e-01	-3.651103e-01	2.199636e-01
3.968503e-01	3.968503e-01	7.937005e-01	1.000000e+00	1.000000e+00	4.989512e+00	2.314462e+00	1.669035e+00	3.333109e-01	-6.523623e-02	-5.746391e-01	7.446060e-01
3.968503e-01	3.968503e-01	7.937005e-01	1.000000e+00	1.000000e+00	1.949581e+00	2.523462e+00	3.219050e+00	-5.312044e-01	-8.451020e-01	5.206114e-02	3.023593e-02
3.968503e-01	3.968503e-01	7.937005e-01	1.000000e+00	1.000000e+00	4.352911e+00	1.939554e+00	4.352180e+00	3.848760e-01	9.221464e-01	-1.472334e-02	3.605024e-02
3.968503e-01	3.968503e-01	7.937005e-01	1.000000e+00	1.000000e+00	3.446812e+00	3.756273e+00	2.051325e+00	6.209322e-01	1.271272e-02	-2.121973e-01	7.544891e-01
3.968503e-01	3.968503e-01	7.937005e-01	1.000000e+00	1.000000e+00	4.354684e+00	1.189825e+00	3.315249e+00	-1.945318e-01	-2.203229e-02	1.859099e-01	-9.628652e-01
3.968503e-01	3.968503e-01	7.937005e-01	1.000000e+00	1.000000e+00	2.930269e+00	1.116925e+00	2.336099e+00	-2.621007e-02	5.295559e-01	-8.478545e-01	-5.140551e-03
3.968503e-01	3.968503e-01	7.937005e-01	1.000000e+00	1.000000e+00	3.187797e+00	4.609344e+00	3.575983e+00	5.928826e-01	-7.429806e-01	-2.794649e-01	1.355340e-01
3.968503e-01	3.968503e-01	7.937005e-01	1.000000e+00	1.000000e+00	1.245140e+00	1.287944e+00	1.306807e+00	-2.289041e-01	-8.506690e-01	3.998394e-01	-2.531672e-01
3.968503e-01	3.968503e-01	7.937005e-01	1.000000e+00	1.000000e+00	3.383112e+00	5.019444e+00	2.077082e+00	-4.162534e-01	-2.443315e-01	9.012565e-02	8.711559e-01
3.968503e-01	3.968503e-01	7.937005e-01	1.000000e+00	1.000000e+00	1.908633e+00	4.947801e+00	1.344325e+00	-6.918984e-01	-5.894300e-03	2.861041e-01	6.628622e-01
3.968503e-01	3.968503e-01	7.937005e-01	1.000000e+00	1.000000e+00	2.696064e+00	5.022648e+00	1.531727e+00	-5.580558e-02	-1.723912e-01	-9.834439e-01	-2.265877e-03
3.968503e-01	3.968503e-01	7.937005e-01	1.000000e+00	1.000000e+00	4.210090e+00	4.383815e+00	1.981335e+00	4.386914e-01	2.827484e-01	8.242558e-01	2.195576e-01
3.968503e-01	3.968503e-01	7.937005e-01	1.000000e+00	1.000000e+00	1.355771e+00	3.170855e+00	2.080194e+00	-1.804973e-01	4.722874e-01	-8.245072e-01	2.540734e-01
3.968503e-01	3.968503e-01	7.937005e-01	1.000000e+00	1.000000e+00	4.651966e+00	3.238738e+00	4.579597e+00	7.109181e-01	2.533673e-01	-6.556659e-01	2.241965e-02
3.968503e-01	3.968503e-01	7.937005e-01	1.000000e+00	1.000000e+00	2.027952e+00	1.240518e+00	1.824261e+00	5.075929e-01	7.072218e-01	4.042826e-01	2.806107e-01
3.968503e-01	3.968503e-01	7.937005e-01	1.000000e+00	1.000000e+00	3.047883e+00	1.199385e+00	1.112504e+00	-7.925181e-01	3.684556e-01	4.323188e-01	-2.219371e-01
3.968503e-01	3.968503e-01	7.937005e-01	1.000000e+00	1.000000e+00	3.709882e+00	1.238019e+00	4.065487e+00	-8.024090e-01	1.573203e-01	-2.157126e-01	-5.337211e-01
3.968503e-01	3.968503e-01	7.937005e-01	1.000000e+00	1.000000e+00	3.601814e+00	1.422147e+00	3.079389e+00	1.668940e-01	3.998107e-01	-8.481242e-01	3.049314e-01
3.968503e-01	3.968503e-01	7.937005e-01	1.000000e+00	1.000000e+00	4.248943e+00	2.968577e+00	3.314567e+00	5.707481e-01	8.125767e-01	7.682786e-02	8.979558e-02
3.968503e-01	3.968503e-01	7.937005e-01	1.000000e+00	1.000000e+00	2.615792e+00	1.116544e+00	4.509950e+00	-3.924402e-01	6.094554e-01	-5.540012e-01	4.094356e-01
3.968503e-01	3.968503e-01	7.937005e-01	1.000000e+00	1.000000e+00	4.836318e+00	4.140774e+00	4.469440e+00	8.437933e-01	1.636810e-01	-4.919417e-01	1.386172e-01
3.968503e-01	3.968503e-01	7.937005e-01	1.000000e+00	1.000000e+00	2.693321e+00	3.773395e+00	1.307655e+00	2.998537e-01	-8.683201e-02	-5.293398e-01	-7.888900e-01
3.968503e-01	3.968503e-01	7.937005e-01	1.000000e+00	1.000000e+00	5.108840e+00	3.698852e+00	1.535069e+00	-1.765517e-01	-2.548678e-01	-7.883087e-01	5.314521e-01
3.968503e-01	3.968503e-01	7.937005e-01	1.000000e+00	1.000000e+00	2.234171e+00	4.066782e+00	3.490563e+00	-5.591843e-01	3.839309e-01	-7.203452e-01	-1.449579e-01
3.968503e-01	3.968503e-01	7.937005e-01	1.000000e+00	1.000000e+00	1.988682e+00	1.565458e+00	1.043632e+00	1.834255e-01	-7.485016e-02	-7.027419e-01	-6.833055e-01
3.968503e-01	3.968503e-01	7.937005e-01	1.000000e+00	1.000000e+00	1.818213e+00	3.880528e+00	2.373213e+00	8.290992e-01	-1.754184e-01	-1.999531e-01	-4.917740e-01
3.968503e-01	3.968503e-01	7.937005e-01	1.000000e+00	1.000000e+00	4.738555e+00	2.963701e+00	2.101702e+00	3.780430e-01	-2.498506e-01	-6.522136e-01	6.076804e-01
3.968503e-01	3.968503e-01	7.937005e-01	1.000000e+00	1.000000e+00	1.210487e+00	2.763940e+00	3.023402e+00	1.621603e-01	9.828933e-01	8.655745e-02	-1.151423e-02
3.968503e-01	3.968503e-01	7.937005e-01	1.000000e+00	1.000000e+00	2.730289e+00	1.380075e+00	3.638388e+00	4.243373e-02	5.040386e-01	-5.242778e-01	6.850382e-01
3.968503e-01	3.968503e-01	7.937005e-01	1.000000e+00	1.000000e+00	1.907778e+00	1.146908e+00	3.715321e+00	1.389075e-01	6.231712e-02	1.065064e-01	-9.825872e-01
3.968503e-01	3.968503e-01	7.937005e-01	1.000000e+00	1.000000e+00	4.877890e+00	4.142510e+00	3.522705e+00	6.323708e-01	-5.906084e-01	8.832828e-02	-4.934441e-01
3.968503e-01	3.968503e-01	7.937005e-01	1.000000e+00	1.000000e+00	2.377285e+00	5.001850e+00	4.171588e+00	7.341603e-01	-6.086006e-02	-6.726397e-01	-6.971799e-02
3.968503e-01	3.968503e-01	7.937005e-01	1.000000e+00	1.000000e+00	1.250191e+00	4.735253e+00	2.587726e+00	-9.598188e-02	-2.031012e-01	-4.444111e-01	8.672002e-01
3.968503e-01	3.968503e-01	7.937005e-01	1.000000e+00	1.000000e+00	2.670792e+00	3.972555e+00	2.198419e+00	-5.115011e-01	2.342671e-01	-5.415287e-01	-6.246857e-01
3.968503e-01	3.968503e-01	7.937005e-01	1.000000e+00	1.000000e+00	5.074242e+00	5.021522e+00	4.202328e+00	6.491880e-01	9.892429e-02	7.734592e-02	7.501910e-01
3.968503e-01	3.968503e-01	7.937005e-01	1.000000e+00	1.000000e+00	5.103921e+00	4.710880e+00	2.943359e+00	8.503150e-01	-4.889895e-01	-5.200771e-02	-1.874803e-01
3.968503e-01	3.968503e-01	7.937005e-01	1.000000e+00	1.000000e+00	3.049207e+00	4.338822e+00	4.565332e+00	4.710130e-01	6.442189e-01	4.037916e-01	4.473043e-01
3.968503e-01	3.968503e-01	7.937005e-01	1.000000e+00	1.000000e+00	1.851997e+00	3.069901e+00	4.509201e+00	-7.007771e-01	-2.043030e-01	5.278639e-01	-4.342022e-01
3.968503e-01	3.968503e-01	7.937005e-01	1.000000e+00	1.000000e+00	1.215953e+00	2.237647e+00	1.272634e+00	-8.745028e-01	3.451421e-01	1.714283e-01	2.945067e-01
3.968503e-01	3.968503e-01	7.937005e-01	1.000000e+00	1.000000e+00	4.079312e+00	2.024401e+00	1.478626e+00	-6.579222e-01	1.658553e-01	-1.304488e-01	-7.229202e-01
3.968503e-01	3.968503e-01	7.937005e-01	1.000000e+00	1.000000e+00	1.210230e+00	4.334680e+00	1.866181e+00	-7.336050e-01	-5.794321e-01	2.271505e-01	-2.729190e-01
3.968503e-01	3.968503e-01	7.937005e-01	1.000000e+00	1.000000e+00	1.259710e+00	4.797184e+00	4.378155e+00	-1.675046e-02	3.246789e-01	8.492088e-01	-4.161099e-01
3.968503e-01	3.968503e-01	7.937005e-01	1.000000e+00	1.000000e+00	4.089902e+00	4.112217e+00	2.901819e+00	-3.487375e-01	8.258526e-01	1.158454e-01	4.277026e-01
3.968503e-01	3.968503e-01	7.937005e-01	1.000000e+00	1.000000e+00	3.733061e+00	2.557812e+00	4.284653e+00	-4.974832e-01	2.721932e-01	-1.207180e-01	-8.147690e-01
3.968503e-01	3.968503e-01	7.937005e-01	1.000000e+00	1.000000e+00	1.842459e+00	2.337020e+00	1.954241e+00	2.263765e-01	-1.476988e-02	4.309260e-01	8.734062e-01
3.968503e-01	3.968503e-01	7.937005e-01	1.000000e+00	1.000000e+00	3.129762e+00	1.907516e+00	4.504266e+00	-8.066939e-01	2.271838e-01	-5.119349e-01	1.885607e-01
3.968503e-01	3.968503e-01	7.937005e-01	1.000000e+00	1.000000e+00	3.365011e+00	2.330825e+00	1.047053e+00	-2.737714e-01	4.860891e-01	4.760203e-01	6.798318e-01
3.968503e-01	3.968503e-01	7.937005e-01	1.000000e+00	1.000000e+00	1.244474e+00	3.554212e+00	4.337000e+00	1.371821e-01	6.292603e-01	6.845132e-01	-3.415468e-01
3.968503e-01	3.968503e-01	7.937005e-01	1.000000e+00	1.000000e+00	3.927834e+00	3.388199e+00	1.338404e+00	-1.190306e-01	-8.059850e-01	5.116665e-01	2.727955e-01
3.968503e-01	3.968503e-01	7.937005e-01	1.000000e+00	1.000000e+00	4.361851e+00	4.033977e+00	1.118525e+00	1.306835e-01	7.983346e-01	-2.205027e-01	5.449424e-01
3.968503e-01	3.968503e-01	7.937005e-01	1.000000e+00	1.000000e+00	1.375081e+00	4.763883e+00	3.459343e+00	6.172255e-01	-1.253596e-01	-5.733080e-01	-5.240569e-01
3.968503e-01	3.968503e-01	7.937005e-01	1.000000e+00	1.000000e+00	4.724342e+00	2.509187e+00	3.896819e+00	1.924788e-01	-4.219599e-01	6.749587e-01	-5.738750e-01
3.968503e-01	3.968503e-01	7.937005e-01	1.000000e+00	1.000000e+00	2.766233e+00	3.645493e+00	4.161467e+00	-4.335217e-03	-4.067825e-01	9.133915e-01	1.500652e-02
3.968503e-01	3.968503e-01	7.937005e-01	1.000000e+00	1.000000e+00	2.278622e+00	4.998165e+00	3.196776e+00	3.268608e-01	5.848726e-01	7.318055e-01	1.246868e-01
3.968503e-01	3.968503e-01	7.937005e-01	1.000000e+00	1.000000e+00	2.075297e+00	2.000554e+00	4.555162e+00	-3.014281e-01	-6.063485e-01	-4.855395e-01	5.529321e-01
3.968503e-01	3.968503e-01	7.937005e-01	1.000000e+00	1.000000e+00	1.904373e+00	3.861971e+00	1.168507e+00	5.524849e-01	-2.144778e-01	-4.552881e-01	-6.644340e-01
3.968503e-01	3.968503e-01	7.937005e-01	1.000000e+00	1.000000e+00	3.410848e+00	3.265167e+00	3.776882e+00	-3.656205e-01	1.768766e-01	-7.955837e-01	-4.495362e-01
3.968503e-01	3.968503e-01	7.937005e-01	1.000000e+00	1.000000e+00	5.109538e+00	1.617654e+00	1.201458e+00	8.536028e-01	4.556471e-01	-1.045733e-01	2.298095e-01
3.968503e-01	3.968503e-01	7.937005e-01	1.000000e+00	1.000000e+00	1.211383e+00	1.765494e+00	4.581726e+00	1.681256e-01	2.035604e-01	-6.779308e-01	6.860807e-01
3.968503e-01	3.968503e-01	7.937005e-01	1.000000e+00	1.000000e+00	4.210201e+00	4.966994e+00	1.285182e+00	3.263573e-01	7.623125e-01	-5.316920e-01	-1.722620e-01
3.968503e-01	3.968503e-01	7.937005e-01	1.000000e+00	1.000000e+00	3.179813e+00	3.014130e+00	2.896094e+00	-7.688844e-01	4.508207e-01	-3.390534e-01	3.010319e-01
3.968503e-01	3.968503e-01	7.937005e-01	1.000000e+00	1.000000e+00	3.694077e+00	2.891725e+00	2.245729e+00	-1.201419e-01	9.486730e-01	-1.444342e-01	-2.544096e-01
3.968503e-01	3.968503e-01	7.937005e-01	1.000000e+00	1.000000e+00	1.376024e+00	1.115326e+00	2.902922e+00	1.397320e-01	3.062787e-01	-1.887736e-02	-9.414414e-01
3.968503e-01	3.968503e-01	7.937005e-01	1.000000e+00	1.000000e+00	1.527327e+00	2.453106e+00	3.980479e+00	2.483051e-01	-6.337608e-01	1.122385e-01	7.239436e-01
3.968503e-01	3.968503e-01	7.937005e-01	1.000000e+00	1.000000e+00	3.443631e+00	1.705900e+00	1.896927e+00	-6.985425e-01	6.684710e-01	1.916933e-01	-1.686372e-01
3.968503e-01	3.968503e-01	7.937005e-01	1.000000e+00	1.000000e+00	4.981282e+00	3.420871e+00	2.886466e+00	4.638422e-01	2.083512e-01	-7.365430e-01	4.460322e-01
3.968503e-01	3.968503e-01	7.937005e-01	1.000000e+00	1.000000e+00	4.578533e+00	2.758179e+00	1.046004e+00	6.581365e-01	-6.206597e-01	2.821069e-01	3.194582e-01
3.968503e-01	3.968503e-01	7.937005e-01	1.000000e+00	1.000000e+00	3.982986e+00	5.011936e+00	2.613885e+00	2.512656e-01	2.255553e-02	9.650174e-01	7.140247e-02
3.968503e-01	3.968503e-01	7.937005e-01	1.000000e+00	1.000000e+00	1.210717e+00	1.659381e+00	3.707534e+00	3.567133e-01	-6.201363e-01	6.126062e-01	3.360063e-01
3.968503e-01	3.968503e-01	7.937005e-01	1.000000e+00	1.000000e+00	5.108468e+00	2.191855e+00	4.580400e+00	1.341330e-01	-1.742717e-01	6.829701e-01	6.965555e-01
3.968503e-01	3.968503e-01	7.937005e-01	1.000000e+00	1.000000e+00	4.153669e+00	1.979876e+00	2.569307e+00	7.775871e-01	2.283360e-02	-5.171791e-01	-3.568791e-01
3.968503e-01	3.968503e-01	7.937005e-01	1.000000e+00	1.000000e+00	2.069710e+00	2.832543e+00	1.198159e+00	8.818632e-01	-2.282242e-01	4.122259e-01	1.734632e-02
3.968503e-01	3.968503e-01	7.937005e-01	1.000000e+00	1.000000e+00	3.330214e+00	4.348930e+00	1.085753e+00	-4.107181e-01	-5.679265e-01	-5.608918e-01	4.406478e-01
3.968503e-01	3.968503e-01	7.937005e-01	1.000000e+00	1.000000e+00	2.209476e+00	3.292941e+00	2.746956e+00	-2.105065e-01	5.342314e-01	4.863465e-01	-6.585977e-01
3.968503e-01	3.968503e-01	7.937005e-01	1.000000e+00	1.000000e+00	3.541903e+00	5.022876e+00	4.240987e+00	1.945137e-01	-5.330096e-01	8.162291e-01	-1.087897e-01
3.968503e-01	3.968503e-01	7.937005e-01	1.000000e+00	1.000000e+00	4.328377e+00	1.195466e+00	2.090965e+00	3.295875e-01	-5.474079e-01	7.691239e-01	1.284925e-02
3.968503e-01	3.968503e-01	7.937005e-01	1.000000e+00	1.000000e+00	3.191017e+00	4.163205e+00	2.903369e+00	-1.753031e-01	7.283292e-01	4.633898e-01	4.733660e-01
3.968503e-01	3.968503e-01	7.937005e-01	1.000000e+00	1.000000e+00	2.894644e+00	2.105023e+00	2.852354e+00	-3.889966e-01	2.900145e-01	-8.674147e-01	1.102952e-01
3.968503e-01	3.968503e-01	7.937005e-01	1.000000e+00	1.000000e+00	5.104505e+00	3.260876e+00	3.704684e+00	8.956866e-01	-4.418342e-01	-2.933241e-02	4.083645e-02
3.968503e-01	3.968503e-01	7.937005e-01	1.000000e+00	1.000000e+00	4.293120e+00	4.766755e+00	4.440057e+00	-4.841389e-01	-7.344635e-01	4.736016e-01	-4.329385e-02
3.968503e-01	3.968503e-01	7.937005e-01	1.000000e+00	1.000000e+00	3.297338e+00	2.330326e+00	3.505105e+00	8.474872e-01	8.993737e-02	-4.182299e-01	3.142616e-01
3.968503e-01	3.968503e-01	7.937005e-01	1.000000e+00	1.000000e+00	1.986653e+00	4.200589e+00	4.337760e+00	-4.339506e-01	3.674699e-02	-3.673770e-01	8.218094e-01
3.968503e-01	3.968503e-01	7.937005e-01	1.000000e+00	1.000000e+00	4.277745e+00	4.748193e+00	3.450308e+00	3.475781e-01	-4.027120e-02	8.129149e-01	4.655503e-01
