#cellVolume particleVolume cellSurfaceArea particleSurfaceArea normalTensor(1-6) normalAreaTensor(1-6)
0 0.523598775598 0 3.13584906144 0 0 0 0 0 0 0 0 0 0 0 0
0 0.523598775598 0 3.13584906144 0 0 0 0 0 0 0 0 0 0 0 0
0 0.523598775598 0 3.13584906144 0 0 0 0 0 0 0 0 0 0 0 0
0 0.523598775598 0 3.13584906144 0 0 0 0 0 0 0 0 0 0 0 0
0 0.523598775598 0 3.13584906144 0 0 0 0 0 0 0 0 0 0 0 0
0 0.523598775598 0 3.13584906144 0 0 0 0 0 0 0 0 0 0 0 0
0 0.523598775598 0 3.13584906144 0 0 0 0 0 0 0 0 0 0 0 0
0 0.523598775598 0 3.13584906144 0 0 0 0 0 0 0 0 0 0 0 0
0 0.523598775598 0 3.13584906144 0 0 0 0 0 0 0 0 0 0 0 0
0 0.523598775598 0 3.13584906144 0 0 0 0 0 0 0 0 0 0 0 0
0 0.523598775598 0 3.13584906144 0 0 0 0 0 0 0 0 0 0 0 0
0 0.523598775598 0 3.13584906144 0 0 0 0 0 0 0 0 0 0 0 0
0 0.523598775598 0 3.13584906144 0 0 0 0 0 0 0 0 0 0 0 0
0 0.523598775598 0 3.13584906144 0 0 0 0 0 0 0 0 0 0 0 0
0 0.523598775598 0 3.13584906144 0 0 0 0 0 0 0 0 0 0 0 0
0 0.523598775598 0 3.13584906144 0 0 0 0 0 0 0 0 0 0 0 0
0 0.523598775598 0 3.13584906144 0 0 0 0 0 0 0 0 0 0 0 0
0 0.523598775598 0 3.13584906144 0 0 0 0 0 0 0 0 0 0 0 0
0 0.523598775598 0 3.13584906144 0 0 0 0 0 0 0 0 0 0 0 0
0 0.523598775598 0 3.13584906144 0 0 0 0 0 0 0 0 0 0 0 0
0 0.523598775598 0 3.13584906144 0 0 0 0 0 0 0 0 0 0 0 0
0 0.523598775598 0 3.13584906144 0 0 0 0 0 0 0 0 0 0 0 0
0 0.523598775598 0 3.13584906144 0 0 0 0 0 0 0 0 0 0 0 0
0 0.523598775598 0 3.13584906144 0 0 0 0 0 0 0 0 0 0 0 0
0 0.523598775598 0 3.13584906144 0 0 0 0 0 0 0 0 0 0 0 0
0 0.523598775598 0 3.13584906144 0 0 0 0 0 0 0 0 0 0 0 0
0 0.523598775598 0 3.13584906144 0 0 0 0 0 0 0 0 0 0 0 0
0 0.523598775598 0 3.13584906144 0 0 0 0 0 0 0 0 0 0 0 0
0 0.523598775598 0 3.13584906144 0 0 0 0 0 0 0 0 0 0 0 0
0 0.523598775598 0 3.13584906144 0 0 0 0 0 0 0 0 0 0 0 0
0 0.523598775598 0 3.13584906144 0 0 0 0 0 0 0 0 0 0 0 0
0 0.523598775598 0 3.13584906144 0 0 0 0 0 0 0 0 0 0 0 0
0 0.523598775598 0 3.13584906144 0 0 0 0 0 0 0 0 0 0 0 0
0 0.523598775598 0 3.13584906144 0 0 0 0 0 0 0 0 0 0 0 0
0 0.523598775598 0 3.13584906144 0 0 0 0 0 0 0 0 0 0 0 0
0 0.523598775598 0 3.13584906144 0 0 0 0 0 0 0 0 0 0 0 0
0 0.523598775598 0 3.13584906144 0 0 0 0 0 0 0 0 0 0 0 0
0 0.523598775598 0 3.13584906144 0 0 0 0 0 0 0 0 0 0 0 0
0 0.523598775598 0 3.13584906144 0 0 0 0 0 0 0 0 0 0 0 0
0 0.523598775598 0 3.13584906144 0 0 0 0 0 0 0 0 0 0 0 0
0 0.523598775598 0 3.13584906144 0 0 0 0 0 0 0 0 0 0 0 0
0 0.523598775598 0 3.13584906144 0 0 0 0 0 0 0 0 0 0 0 0
0 0.523598775598 0 3.13584906144 0 0 0 0 0 0 0 0 0 0 0 0
0 0.523598775598 0 3.13584906144 0 0 0 0 0 0 0 0 0 0 0 0
0 0.523598775598 0 3.13584906144 0 0 0 0 0 0 0 0 0 0 0 0
0 0.523598775598 0 3.13584906144 0 0 0 0 0 0 0 0 0 0 0 0
0 0.523598775598 0 3.13584906144 0 0 0 0 0 0 0 0 0 0 0 0
0 0.523598775598 0 3.13584906144 0 0 0 0 0 0 0 0 0 0 0 0
0 0.523598775598 0 3.13584906144 0 0 0 0 0 0 0 0 0 0 0 0
0 0.523598775598 0 3.13584906144 0 0 0 0 0 0 0 0 0 0 0 0
0 0.523598775598 0 3.13584906144 0 0 0 0 0 0 0 0 0 0 0 0
0 0.523598775598 0 3.13584906144 0 0 0 0 0 0 0 0 0 0 0 0
0 0.523598775598 0 3.13584906144 0 0 0 0 0 0 0 0 0 0 0 0
0 0.523598775598 0 3.13584906144 0 0 0 0 0 0 0 0 0 0 0 0
0 0.523598775598 0 3.13584906144 0 0 0 0 0 0 0 0 0 0 0 0
0 0.523598775598 0 3.13584906144 0 0 0 0 0 0 0 0 0 0 0 0
0 0.523598775598 0 3.13584906144 0 0 0 0 0 0 0 0 0 0 0 0
0 0.523598775598 0 3.13584906144 0 0 0 0 0 0 0 0 0 0 0 0
0 0.523598775598 0 3.13584906144 0 0 0 0 0 0 0 0 0 0 0 0
0 0.523598775598 0 3.13584906144 0 0 0 0 0 0 0 0 0 0 0 0
0 0.523598775598 0 3.13584906144 0 0 0 0 0 0 0 0 0 0 0 0
0 0.523598775598 0 3.13584906144 0 0 0 0 0 0 0 0 0 0 0 0
0 0.523598775598 0 3.13584906144 0 0 0 0 0 0 0 0 0 0 0 0
0 0.523598775598 0 3.13584906144 0 0 0 0 0 0 0 0 0 0 0 0
0 0.523598775598 0 3.13584906144 0 0 0 0 0 0 0 0 0 0 0 0
0 0.523598775598 0 3.13584906144 0 0 0 0 0 0 0 0 0 0 0 0
0 0.523598775598 0 3.13584906144 0 0 0 0 0 0 0 0 0 0 0 0
0 0.523598775598 0 3.13584906144 0 0 0 0 0 0 0 0 0 0 0 0
0 0.523598775598 0 3.13584906144 0 0 0 0 0 0 0 0 0 0 0 0
0 0.523598775598 0 3.13584906144 0 0 0 0 0 0 0 0 0 0 0 0
0 0.523598775598 0 3.13584906144 0 0 0 0 0 0 0 0 0 0 0 0
0 0.523598775598 0 3.13584906144 0 0 0 0 0 0 0 0 0 0 0 0
0 0.523598775598 0 3.13584906144 0 0 0 0 0 0 0 0 0 0 0 0
0 0.523598775598 0 3.13584906144 0 0 0 0 0 0 0 0 0 0 0 0
0 0.523598775598 0 3.13584906144 0 0 0 0 0 0 0 0 0 0 0 0
0 0.523598775598 0 3.13584906144 0 0 0 0 0 0 0 0 0 0 0 0
0 0.523598775598 0 3.13584906144 0 0 0 0 0 0 0 0 0 0 0 0
0 0.523598775598 0 3.13584906144 0 0 0 0 0 0 0 0 0 0 0 0
0 0.523598775598 0 3.13584906144 0 0 0 0 0 0 0 0 0 0 0 0
0 0.523598775598 0 3.13584906144 0 0 0 0 0 0 0 0 0 0 0 0
0 0.523598775598 0 3.13584906144 0 0 0 0 0 0 0 0 0 0 0 0
0 0.523598775598 0 3.13584906144 0 0 0 0 0 0 0 0 0 0 0 0
0 0.523598775598 0 3.13584906144 0 0 0 0 0 0 0 0 0 0 0 0
0 0.523598775598 0 3.13584906144 0 0 0 0 0 0 0 0 0 0 0 0
0 0.523598775598 0 3.13584906144 0 0 0 0 0 0 0 0 0 0 0 0
0 0.523598775598 0 3.13584906144 0 0 0 0 0 0 0 0 0 0 0 0
0 0.523598775598 0 3.13584906144 0 0 0 0 0 0 0 0 0 0 0 0
0 0.523598775598 0 3.13584906144 0 0 0 0 0 0 0 0 0 0 0 0
0 0.523598775598 0 3.13584906144 0 0 0 0 0 0 0 0 0 0 0 0
0 0.523598775598 0 3.13584906144 0 0 0 0 0 0 0 0 0 0 0 0
0 0.523598775598 0 3.13584906144 0 0 0 0 0 0 0 0 0 0 0 0
0 0.523598775598 0 3.13584906144 0 0 0 0 0 0 0 0 0 0 0 0
0 0.523598775598 0 3.13584906144 0 0 0 0 0 0 0 0 0 0 0 0
0 0.523598775598 0 3.13584906144 0 0 0 0 0 0 0 0 0 0 0 0
0 0.523598775598 0 3.13584906144 0 0 0 0 0 0 0 0 0 0 0 0
0 0.523598775598 0 3.13584906144 0 0 0 0 0 0 0 0 0 0 0 0
0 0.523598775598 0 3.13584906144 0 0 0 0 0 0 0 0 0 0 0 0
0 0.523598775598 0 3.13584906144 0 0 0 0 0 0 0 0 0 0 0 0
214.87055051 0.523598775598 215.246477034 3.13584906144 2142 2.10220780204e-11 3.03780224423e-12 1848 -1.5839938037e-11 2642 71.8306284822 -1.67406312453e-15 8.53591264425e-16 71.755187606 -1.33314692131e-15 71.660660946
0 0.523598775598 0 3.13584906144 0 0 0 0 0 0 0 0 0 0 0 0
